{
    "image_size": {
        "width": 640,
        "height": 480
    },
    "reprojection_error": 0.05733166533085419,
    "camera_matrix": [
        [
            388.36904853379343,
            0.0,
            317.87986704444927
        ],
        [
            0.0,
            389.09487733405064,
            252.96098898756713
        ],
        [
            0.0,
            0.0,
            1.0
        ]
    ],
    "dist_coeffs": [
        -0.07960874397411845,
        0.11682271997416875,
        0.0033660577483773614,
        -0.004645523743683089,
        -0.05948186898628549
    ],
    "extrinsics": [
        {
            "image": "/home/yuxuan/Code/research/dex_teleop/utils/camera_calibration/raw_images/0000.png",
            "rvec": [
                -0.4540315687060223,
                0.5563200443382906,
                1.5744198611466749
            ],
            "tvec": [
                -0.08965001309104902,
                -0.03504422000686503,
                0.5859770617902462
            ],
            "T_tag_to_cam": [
                [
                    -0.07918333496295456,
                    -0.9960276250564606,
                    0.04073045038458861,
                    -0.08965001309104902
                ],
                [
                    0.8005045315231027,
                    -0.039183651761202115,
                    0.5980444268159638,
                    -0.03504422000686503
                ],
                [
                    -0.59407280233581,
                    0.07996006227513663,
                    0.8004273196023696,
                    0.5859770617902462
                ],
                [
                    0.0,
                    0.0,
                    0.0,
                    1.0
                ]
            ]
        },
        {
            "image": "/home/yuxuan/Code/research/dex_teleop/utils/camera_calibration/raw_images/0001.png",
            "rvec": [
                -0.1560576496328882,
                -0.9319968293930454,
                -2.8251936487427116
            ],
            "tvec": [
                -0.060934037315129363,
                -0.048484714742436985,
                0.5941493660940409
            ],
            "T_tag_to_cam": [
                [
                    -0.9813654676576123,
                    0.18603947527415793,
                    0.04807423976384679,
                    -0.060934037315129363
                ],
                [
                    -0.12091649578028735,
                    -0.7923562031071953,
                    0.597955557249671,
                    -0.048484714742436985
                ],
                [
                    0.14933526019454213,
                    0.5809999664692459,
                    0.8000862572406569,
                    0.5941493660940409
                ],
                [
                    0.0,
                    0.0,
                    0.0,
                    1.0
                ]
            ]
        },
        {
            "image": "/home/yuxuan/Code/research/dex_teleop/utils/camera_calibration/raw_images/0002.png",
            "rvec": [
                -0.6112370870823489,
                -0.3096153280323124,
                -1.0960326335213566
            ],
            "tvec": [
                -0.06455539574067176,
                -0.05154573093733858,
                0.5985880391298605
            ],
            "T_tag_to_cam": [
                [
                    0.43684469171112206,
                    0.8974981356136931,
                    0.06052942998046312,
                    -0.06455539574067176
                ],
                [
                    -0.7331743615042858,
                    0.3162603394508946,
                    0.6020255420853733,
                    -0.05154573093733858
                ],
                [
                    0.5211737435410551,
                    -0.3073702885126505,
                    0.7961792730177373,
                    0.5985880391298605
                ],
                [
                    0.0,
                    0.0,
                    0.0,
                    1.0
                ]
            ]
        },
        {
            "image": "/home/yuxuan/Code/research/dex_teleop/utils/camera_calibration/raw_images/0003.png",
            "rvec": [
                -0.1379624734681862,
                -0.0531560921896768,
                -1.8716769535867304
            ],
            "tvec": [
                -0.09171143368758042,
                -0.10051543238681608,
                0.5974107684906655
            ],
            "T_tag_to_cam": [
                [
                    -0.29489495935361,
                    0.9530798312340595,
                    0.06837980873539701,
                    -0.09171143368758042
                ],
                [
                    -0.9476627341521778,
                    -0.3008811978382363,
                    0.10679816050216831,
                    -0.10051543238681608
                ],
                [
                    0.12236137154777033,
                    -0.03330675730666207,
                    0.991926587339337,
                    0.5974107684906655
                ],
                [
                    0.0,
                    0.0,
                    0.0,
                    1.0
                ]
            ]
        },
        {
            "image": "/home/yuxuan/Code/research/dex_teleop/utils/camera_calibration/raw_images/0004.png",
            "rvec": [
                -0.011036380402851879,
                -0.7449312988018771,
                -1.1843512578825766
            ],
            "tvec": [
                -0.09842995889626197,
                -0.0816232413916487,
                0.6208055241161263
            ],
            "T_tag_to_cam": [
                [
                    0.1708170027537674,
                    0.837504320043475,
                    -0.5190453404845631,
                    -0.09842995889626197
                ],
                [
                    -0.8305397073201298,
                    0.40581339864695143,
                    0.38146989401944087,
                    -0.0816232413916487
                ],
                [
                    0.530118237881713,
                    0.36592622123472807,
                    0.7649004212824442,
                    0.6208055241161263
                ],
                [
                    0.0,
                    0.0,
                    0.0,
                    1.0
                ]
            ]
        },
        {
            "image": "/home/yuxuan/Code/research/dex_teleop/utils/camera_calibration/raw_images/0005.png",
            "rvec": [
                -0.776129703351464,
                -0.10226523087310668,
                -1.433854843529109
            ],
            "tvec": [
                -0.11908971140920091,
                -0.12063005981661232,
                0.5715375028966312
            ],
            "T_tag_to_cam": [
                [
                    0.1770870570470427,
                    0.9075821010098915,
                    0.38070317066303605,
                    -0.11908971140920091
                ],
                [
                    -0.8443653390608923,
                    -0.05863614179173049,
                    0.5325495066830542,
                    -0.12063005981661232
                ],
                [
                    0.5056553652627467,
                    -0.41576018664880765,
                    0.7559471666583232,
                    0.5715375028966312
                ],
                [
                    0.0,
                    0.0,
                    0.0,
                    1.0
                ]
            ]
        },
        {
            "image": "/home/yuxuan/Code/research/dex_teleop/utils/camera_calibration/raw_images/0006.png",
            "rvec": [
                0.029065917826088965,
                0.03574708964802936,
                -0.2967315337974984
            ],
            "tvec": [
                -0.06009225359292361,
                -0.05342773159135911,
                0.5421912258488805
            ],
            "T_tag_to_cam": [
                [
                    0.9556708832609545,
                    0.29280772231606306,
                    0.03093219422068977,
                    -0.06009225359292361
                ],
                [
                    -0.29177648449811217,
                    0.9558857746037736,
                    -0.033894970188316144,
                    -0.05342773159135911
                ],
                [
                    -0.039492353451650114,
                    0.023367149210446133,
                    0.9989466103634501,
                    0.5421912258488805
                ],
                [
                    0.0,
                    0.0,
                    0.0,
                    1.0
                ]
            ]
        },
        {
            "image": "/home/yuxuan/Code/research/dex_teleop/utils/camera_calibration/raw_images/0007.png",
            "rvec": [
                -0.09734792166063835,
                -0.6628958923174623,
                -0.8789811178749976
            ],
            "tvec": [
                -0.03217824033289684,
                -0.07576813525215859,
                0.5204791509767267
            ],
            "T_tag_to_cam": [
                [
                    0.453211385892328,
                    0.7397620161031593,
                    -0.4973445478021694,
                    -0.03217824033289684
                ],
                [
                    -0.681537624636088,
                    0.6471772448882954,
                    0.34156709429363086,
                    -0.07576813525215859
                ],
                [
                    0.5745484365159774,
                    0.18415692555476795,
                    0.7974837433247536,
                    0.5204791509767267
                ],
                [
                    0.0,
                    0.0,
                    0.0,
                    1.0
                ]
            ]
        },
        {
            "image": "/home/yuxuan/Code/research/dex_teleop/utils/camera_calibration/raw_images/0008.png",
            "rvec": [
                -0.007323062032214746,
                0.19080182686487715,
                -0.09437354211100332
            ],
            "tvec": [
                -0.05003302511934477,
                -0.09144304914494782,
                0.5485792918257845
            ],
            "T_tag_to_cam": [
                [
                    0.9774296684758413,
                    0.09296562139177317,
                    0.18970671159041394,
                    -0.05003302511934477
                ],
                [
                    -0.09435760074772748,
                    0.9955369144418543,
                    -0.0017015183585353177,
                    -0.09144304914494782
                ],
                [
                    -0.1890182170171422,
                    -0.0162371556263238,
                    0.981839329224913,
                    0.5485792918257845
                ],
                [
                    0.0,
                    0.0,
                    0.0,
                    1.0
                ]
            ]
        },
        {
            "image": "/home/yuxuan/Code/research/dex_teleop/utils/camera_calibration/raw_images/0009.png",
            "rvec": [
                -0.7180321378281418,
                0.26115950486932143,
                0.31061890935244146
            ],
            "tvec": [
                -0.04565197908083917,
                -0.11549591446708328,
                0.5517017414819072
            ],
            "T_tag_to_cam": [
                [
                    0.9222191774975095,
                    -0.36514507276006913,
                    0.12720402703869385,
                    -0.04565197908083917
                ],
                [
                    0.18801624336637635,
                    0.7109323706391546,
                    0.6776614616516031,
                    -0.11549591446708328
                ],
                [
                    -0.3378782042189352,
                    -0.6010359724812114,
                    0.7242886709712861,
                    0.5517017414819072
                ],
                [
                    0.0,
                    0.0,
                    0.0,
                    1.0
                ]
            ]
        },
        {
            "image": "/home/yuxuan/Code/research/dex_teleop/utils/camera_calibration/raw_images/0010.png",
            "rvec": [
                0.0030015931551049717,
                -0.10946934308692295,
                0.10751331137501181
            ],
            "tvec": [
                -0.03736860415606908,
                -0.08685199552039491,
                0.5268297815149131
            ],
            "T_tag_to_cam": [
                [
                    0.9882517601229351,
                    -0.10725575761333835,
                    -0.10887911219655305,
                    -0.03736860415606908
                ],
                [
                    0.10692781956481519,
                    0.9942272822685736,
                    -0.008862990238090673,
                    -0.08685199552039491
                ],
                [
                    0.10920119054770008,
                    -0.0028833403605847746,
                    0.9940154859615267,
                    0.5268297815149131
                ],
                [
                    0.0,
                    0.0,
                    0.0,
                    1.0
                ]
            ]
        },
        {
            "image": "/home/yuxuan/Code/research/dex_teleop/utils/camera_calibration/raw_images/0011.png",
            "rvec": [
                0.35538015416973595,
                0.10463565036460072,
                1.967562071445777
            ],
            "tvec": [
                -0.02119217673381274,
                -0.29318052971604636,
                0.6700243969039706
            ],
            "T_tag_to_cam": [
                [
                    -0.3734082382884655,
                    -0.8795656181998165,
                    0.29483997500182924,
                    -0.02119217673381274
                ],
                [
                    0.9058755118505216,
                    -0.41421389978345113,
                    -0.08841041938448499,
                    -0.29318052971604636
                ],
                [
                    0.19988958103878254,
                    0.23407513432007213,
                    0.951447837185613,
                    0.6700243969039706
                ],
                [
                    0.0,
                    0.0,
                    0.0,
                    1.0
                ]
            ]
        },
        {
            "image": "/home/yuxuan/Code/research/dex_teleop/utils/camera_calibration/raw_images/0012.png",
            "rvec": [
                1.1287902523703075,
                -0.4319426850383008,
                2.781065621683567
            ],
            "tvec": [
                0.1214508515252564,
                -0.3175017568491484,
                0.679343144111895
            ],
            "T_tag_to_cam": [
                [
                    -0.7177222672639643,
                    -0.20573778948425275,
                    0.6652418425291722,
                    0.1214508515252564
                ],
                [
                    -0.005731720416267891,
                    -0.9535770965159416,
                    -0.3010944509307607,
                    -0.3175017568491484
                ],
                [
                    0.6963058914403528,
                    -0.21991517223320411,
                    0.6832242842340248,
                    0.679343144111895
                ],
                [
                    0.0,
                    0.0,
                    0.0,
                    1.0
                ]
            ]
        },
        {
            "image": "/home/yuxuan/Code/research/dex_teleop/utils/camera_calibration/raw_images/0013.png",
            "rvec": [
                -0.3941087049693555,
                -0.2372402427289087,
                0.38587632826102114
            ],
            "tvec": [
                -0.03716654876353658,
                0.10121541682467268,
                0.3546048141028293
            ],
            "T_tag_to_cam": [
                [
                    0.9004535347311102,
                    -0.3177440622702874,
                    -0.2970221249035585,
                    -0.03716654876353658
                ],
                [
                    0.4084671554400686,
                    0.8524040686543839,
                    0.3264381820010511,
                    0.10121541682467268
                ],
                [
                    0.14945907371902248,
                    -0.4152661973161652,
                    0.8973382699125362,
                    0.3546048141028293
                ],
                [
                    0.0,
                    0.0,
                    0.0,
                    1.0
                ]
            ]
        },
        {
            "image": "/home/yuxuan/Code/research/dex_teleop/utils/camera_calibration/raw_images/0014.png",
            "rvec": [
                -0.46954213097961356,
                -0.1415722865230702,
                0.6640296292650103
            ],
            "tvec": [
                -0.09904001357615484,
                0.0740541652394153,
                0.24644001101995844
            ],
            "T_tag_to_cam": [
                [
                    0.7823061027899705,
                    -0.5597490473907446,
                    -0.273273060294501,
                    -0.09904001357615484
                ],
                [
                    0.6225330220799584,
                    0.6876557054945452,
                    0.3736071026102064,
                    0.0740541652394153
                ],
                [
                    -0.021208440715010768,
                    -0.4623966204958176,
                    0.8864195211052635,
                    0.24644001101995844
                ],
                [
                    0.0,
                    0.0,
                    0.0,
                    1.0
                ]
            ]
        },
        {
            "image": "/home/yuxuan/Code/research/dex_teleop/utils/camera_calibration/raw_images/0015.png",
            "rvec": [
                -1.1155444202135623,
                -0.24740984327811757,
                0.443579225427553
            ],
            "tvec": [
                -0.13409029741965797,
                0.00092299970386094,
                0.23856700886902826
            ],
            "T_tag_to_cam": [
                [
                    0.8863748222519856,
                    -0.21899432865327198,
                    -0.40789846591457457,
                    -0.13409029741965797
                ],
                [
                    0.4621207776976053,
                    0.36522006610614904,
                    0.8081204675873397,
                    0.00092299970386094
                ],
                [
                    -0.028001094584339997,
                    -0.9047959921060231,
                    0.42492370064631135,
                    0.23856700886902826
                ],
                [
                    0.0,
                    0.0,
                    0.0,
                    1.0
                ]
            ]
        },
        {
            "image": "/home/yuxuan/Code/research/dex_teleop/utils/camera_calibration/raw_images/0016.png",
            "rvec": [
                -1.0432145012622678,
                -0.16757941226840228,
                0.9081410460256221
            ],
            "tvec": [
                -0.2252634408912364,
                -0.17314653262226198,
                0.366332242352516
            ],
            "T_tag_to_cam": [
                [
                    0.6382610309731507,
                    -0.5674189698801747,
                    -0.5202485645931301,
                    -0.2252634408912364
                ],
                [
                    0.7157291086927265,
                    0.18854335969290875,
                    0.6724457186164737,
                    -0.17314653262226198
                ],
                [
                    -0.28346904471389134,
                    -0.801552939072543,
                    0.52645815270842,
                    0.366332242352516
                ],
                [
                    0.0,
                    0.0,
                    0.0,
                    1.0
                ]
            ]
        },
        {
            "image": "/home/yuxuan/Code/research/dex_teleop/utils/camera_calibration/raw_images/0017.png",
            "rvec": [
                0.2686132354928224,
                -0.19132961109156338,
                1.7058361572590424
            ],
            "tvec": [
                -0.12881426160654358,
                -0.18070405257912647,
                0.5438808488525471
            ],
            "T_tag_to_cam": [
                [
                    -0.1379893241949523,
                    -0.9880709433786558,
                    0.06837219653509365,
                    -0.12881426160654358
                ],
                [
                    0.9483724805353658,
                    -0.1517178988058721,
                    -0.27851627842036114,
                    -0.18070405257912647
                ],
                [
                    0.28556712796016515,
                    0.026410036591119512,
                    0.9579947418414351,
                    0.5438808488525471
                ],
                [
                    0.0,
                    0.0,
                    0.0,
                    1.0
                ]
            ]
        },
        {
            "image": "/home/yuxuan/Code/research/dex_teleop/utils/camera_calibration/raw_images/0018.png",
            "rvec": [
                -0.61612774244806,
                -0.03516765476398953,
                1.7578830411526172
            ],
            "tvec": [
                -0.018715557595583153,
                -0.21609546048578496,
                0.6187593679098754
            ],
            "T_tag_to_cam": [
                [
                    -0.14724504751992465,
                    -0.8954909883459686,
                    -0.4200176017407072,
                    -0.018715557595583153
                ],
                [
                    0.9115732315071278,
                    -0.28766433439084577,
                    0.2937404880487608,
                    -0.21609546048578496
                ],
                [
                    -0.38386604379719186,
                    -0.33962497038738465,
                    0.8586627626192138,
                    0.6187593679098754
                ],
                [
                    0.0,
                    0.0,
                    0.0,
                    1.0
                ]
            ]
        },
        {
            "image": "/home/yuxuan/Code/research/dex_teleop/utils/camera_calibration/raw_images/0019.png",
            "rvec": [
                -0.3335559145504746,
                0.32311797828835415,
                2.0256934765603654
            ],
            "tvec": [
                0.021657592981820805,
                -0.27048693575300936,
                0.6839307504458686
            ],
            "T_tag_to_cam": [
                [
                    -0.4476704030125461,
                    -0.8889678796037834,
                    -0.09657804770929007,
                    0.021657592981820805
                ],
                [
                    0.8148077780963574,
                    -0.45002857210142155,
                    0.36546213079611006,
                    -0.27048693575300936
                ],
                [
                    -0.36834697639625325,
                    0.08491403491242788,
                    0.9258024150187933,
                    0.6839307504458686
                ],
                [
                    0.0,
                    0.0,
                    0.0,
                    1.0
                ]
            ]
        },
        {
            "image": "/home/yuxuan/Code/research/dex_teleop/utils/camera_calibration/raw_images/0020.png",
            "rvec": [
                -0.37871488817131416,
                0.3537966182708857,
                1.8990301397078408
            ],
            "tvec": [
                0.18974214165984274,
                -0.14902716709845373,
                0.762465444562997
            ],
            "T_tag_to_cam": [
                [
                    -0.3359350405424999,
                    -0.9374030714291015,
                    -0.09177761279852517,
                    0.18974214165984274
                ],
                [
                    0.8414631409112607,
                    -0.34246989146383033,
                    0.4179164461091571,
                    -0.14902716709845373
                ],
                [
                    -0.42318722927737884,
                    0.0631652999362727,
                    0.9038377696580819,
                    0.762465444562997
                ],
                [
                    0.0,
                    0.0,
                    0.0,
                    1.0
                ]
            ]
        },
        {
            "image": "/home/yuxuan/Code/research/dex_teleop/utils/camera_calibration/raw_images/0021.png",
            "rvec": [
                -0.8210288618582767,
                0.35709726323091795,
                -2.7922849028370695
            ],
            "tvec": [
                0.3483731572273261,
                -0.5733116085915922,
                1.0295037577964705
            ],
            "T_tag_to_cam": [
                [
                    -0.8230986580524193,
                    0.1303826194611266,
                    0.5527286600627485,
                    0.3483731572273261
                ],
                [
                    -0.2652851759045559,
                    -0.9488437313051016,
                    -0.17122893741509088,
                    -0.5733116085915922
                ],
                [
                    0.5021278468254825,
                    -0.28756902841833876,
                    0.8155805780773207,
                    1.0295037577964705
                ],
                [
                    0.0,
                    0.0,
                    0.0,
                    1.0
                ]
            ]
        },
        {
            "image": "/home/yuxuan/Code/research/dex_teleop/utils/camera_calibration/raw_images/0022.png",
            "rvec": [
                0.7793451244716483,
                0.1574302962571864,
                2.7307647860180833
            ],
            "tvec": [
                0.37455918025817175,
                -0.39812379797445935,
                0.942045318126383
            ],
            "T_tag_to_cam": [
                [
                    -0.8092189697957676,
                    -0.25171455533882203,
                    0.5308525610310793,
                    0.37455918025817175
                ],
                [
                    0.31105211081914286,
                    -0.9500985077006078,
                    0.023651850245465372,
                    -0.39812379797445935
                ],
                [
                    0.4984087110771964,
                    0.18426233553186433,
                    0.8471340793680247,
                    0.942045318126383
                ],
                [
                    0.0,
                    0.0,
                    0.0,
                    1.0
                ]
            ]
        },
        {
            "image": "/home/yuxuan/Code/research/dex_teleop/utils/camera_calibration/raw_images/0023.png",
            "rvec": [
                -0.12584555782298254,
                0.25969847085306647,
                2.666545168988648
            ],
            "tvec": [
                0.18581873788095898,
                -0.2841815511852581,
                0.7364942408610831
            ],
            "T_tag_to_cam": [
                [
                    -0.8921097994432353,
                    -0.44952005622570124,
                    -0.045517302075066865,
                    0.18581873788095898
                ],
                [
                    0.432290034687022,
                    -0.8785063091716305,
                    0.20335188874444432,
                    -0.2841815511852581
                ],
                [
                    -0.13139798951142234,
                    0.161735536591319,
                    0.9780471279830409,
                    0.7364942408610831
                ],
                [
                    0.0,
                    0.0,
                    0.0,
                    1.0
                ]
            ]
        },
        {
            "image": "/home/yuxuan/Code/research/dex_teleop/utils/camera_calibration/raw_images/0024.png",
            "rvec": [
                -0.19632183453443933,
                -0.21430249209093047,
                3.0722675239342396
            ],
            "tvec": [
                0.013452037809002252,
                -0.36944422380839903,
                0.6976217929449482
            ],
            "T_tag_to_cam": [
                [
                    -0.9903661660243164,
                    -0.046504412749069544,
                    -0.13043081226903608,
                    0.013452037809002252
                ],
                [
                    0.06416205697301701,
                    -0.9888167887341558,
                    -0.13462759287183038,
                    -0.36944422380839903
                ],
                [
                    -0.12271139979353048,
                    -0.1416993222014,
                    0.9822745107394247,
                    0.6976217929449482
                ],
                [
                    0.0,
                    0.0,
                    0.0,
                    1.0
                ]
            ]
        },
        {
            "image": "/home/yuxuan/Code/research/dex_teleop/utils/camera_calibration/raw_images/0025.png",
            "rvec": [
                -0.29496948852824584,
                -0.4035404005463004,
                2.105414912025327
            ],
            "tvec": [
                0.19837958998291205,
                -0.07748977939724476,
                0.4924383885214988
            ],
            "T_tag_to_cam": [
                [
                    -0.5300011688231739,
                    -0.7671354179813907,
                    -0.3613890030487734,
                    0.19837958998291205
                ],
                [
                    0.8463932274466237,
                    -0.504752760881482,
                    -0.16983272627797438,
                    -0.07748977939724476
                ],
                [
                    -0.05212739758090171,
                    -0.39588874808592167,
                    0.9168177755477934,
                    0.4924383885214988
                ],
                [
                    0.0,
                    0.0,
                    0.0,
                    1.0
                ]
            ]
        },
        {
            "image": "/home/yuxuan/Code/research/dex_teleop/utils/camera_calibration/raw_images/0026.png",
            "rvec": [
                -0.9466195942578034,
                0.3707512074967493,
                -2.8300110801652956
            ],
            "tvec": [
                0.24225097205909793,
                -0.4808194192872711,
                1.0415258564765462
            ],
            "T_tag_to_cam": [
                [
                    -0.7936668027957752,
                    0.0489402717507349,
                    0.6063809495200986,
                    0.24225097205909793
                ],
                [
                    -0.20348816065139191,
                    -0.9607013441162998,
                    -0.18880014800801492,
                    -0.4808194192872711
                ],
                [
                    0.5733110627003856,
                    -0.27323575390877974,
                    0.7724355301067234,
                    1.0415258564765462
                ],
                [
                    0.0,
                    0.0,
                    0.0,
                    1.0
                ]
            ]
        },
        {
            "image": "/home/yuxuan/Code/research/dex_teleop/utils/camera_calibration/raw_images/0027.png",
            "rvec": [
                0.46112490500785985,
                0.1479735923674743,
                2.346152014653669
            ],
            "tvec": [
                0.23897264048841896,
                -0.10268711334799523,
                0.757420163980259
            ],
            "T_tag_to_cam": [
                [
                    -0.6701606734441555,
                    -0.6440573165578883,
                    0.3688832400057341,
                    0.23897264048841896
                ],
                [
                    0.6853007285999678,
                    -0.7278059278017708,
                    -0.02571853100308996,
                    -0.10268711334799523
                ],
                [
                    0.2850396168065576,
                    0.2355604050872212,
                    0.9291198590095444,
                    0.757420163980259
                ],
                [
                    0.0,
                    0.0,
                    0.0,
                    1.0
                ]
            ]
        },
        {
            "image": "/home/yuxuan/Code/research/dex_teleop/utils/camera_calibration/raw_images/0028.png",
            "rvec": [
                -0.7575133149630042,
                0.32552311482626906,
                1.2891607322046073
            ],
            "tvec": [
                0.2246461125097388,
                0.051421743625417175,
                0.5700653371988256
            ],
            "T_tag_to_cam": [
                [
                    0.2756311117115706,
                    -0.9427837035414112,
                    -0.18758032570977187,
                    0.2246461125097388
                ],
                [
                    0.7407126887929253,
                    0.0839325372999461,
                    0.6665583559175807,
                    0.051421743625417175
                ],
                [
                    -0.6126762627340794,
                    -0.32266734808333736,
                    0.7214662705650678,
                    0.5700653371988256
                ],
                [
                    0.0,
                    0.0,
                    0.0,
                    1.0
                ]
            ]
        },
        {
            "image": "/home/yuxuan/Code/research/dex_teleop/utils/camera_calibration/raw_images/0029.png",
            "rvec": [
                -0.9564052191669604,
                0.43403803504127064,
                1.081962965879454
            ],
            "tvec": [
                0.18538203551903168,
                0.009128207587955656,
                0.4521361430188315
            ],
            "T_tag_to_cam": [
                [
                    0.4398653558037495,
                    -0.8872064997655443,
                    -0.1392231860625669,
                    0.18538203551903168
                ],
                [
                    0.5450205339376654,
                    0.14050683274363784,
                    0.8265654526646112,
                    0.009128207587955656
                ],
                [
                    -0.713772433167563,
                    -0.4394570021357297,
                    0.5453498481928223,
                    0.4521361430188315
                ],
                [
                    0.0,
                    0.0,
                    0.0,
                    1.0
                ]
            ]
        },
        {
            "image": "/home/yuxuan/Code/research/dex_teleop/utils/camera_calibration/raw_images/0030.png",
            "rvec": [
                -0.663703878106125,
                -0.2566668388484658,
                1.8834096779540093
            ],
            "tvec": [
                0.19584102818466323,
                -0.005875991381587804,
                0.46311463601990843
            ],
            "T_tag_to_cam": [
                [
                    -0.2730487954608053,
                    -0.7853106122287934,
                    -0.5556362097796014,
                    0.19584102818466323
                ],
                [
                    0.9053539309975926,
                    -0.40504474482056113,
                    0.12756572549259856,
                    -0.005875991381587804
                ],
                [
                    -0.3252362447892452,
                    -0.4682157590407273,
                    0.8215810295164477,
                    0.46311463601990843
                ],
                [
                    0.0,
                    0.0,
                    0.0,
                    1.0
                ]
            ]
        },
        {
            "image": "/home/yuxuan/Code/research/dex_teleop/utils/camera_calibration/raw_images/0031.png",
            "rvec": [
                -0.2646148381701392,
                0.08948243941830501,
                0.07815201258059962
            ],
            "tvec": [
                0.28659449933648806,
                0.14097941599596886,
                0.5637027657224848
            ],
            "T_tag_to_cam": [
                [
                    0.992991921271615,
                    -0.08881713050921435,
                    0.07796513077918882,
                    0.28659449933648806
                ],
                [
                    0.06530430112429407,
                    0.9622017593866073,
                    0.2643919864292126,
                    0.14097941599596886
                ],
                [
                    -0.09850072357081624,
                    -0.2574476481955634,
                    0.9612587143400048,
                    0.5637027657224848
                ],
                [
                    0.0,
                    0.0,
                    0.0,
                    1.0
                ]
            ]
        },
        {
            "image": "/home/yuxuan/Code/research/dex_teleop/utils/camera_calibration/raw_images/0032.png",
            "rvec": [
                -0.4756213037945606,
                0.42385528449483795,
                0.4821036189725905
            ],
            "tvec": [
                0.2134513563044843,
                0.10245970611378916,
                0.5688471956864416
            ],
            "T_tag_to_cam": [
                [
                    0.8046902744416748,
                    -0.5279771304586419,
                    0.27150269231011354,
                    0.2134513563044843
                ],
                [
                    0.33687999410992703,
                    0.7826214136087841,
                    0.5234649869184032,
                    0.10245970611378916
                ],
                [
                    -0.4888613625430808,
                    -0.3297633585977172,
                    0.8076327726998674,
