{
    "image_size": {
        "width": 640,
        "height": 480
    },
    "reprojection_error": 0.3525885287578979,
    "camera_matrix": [
        [
            389.3564666399613,
            0.0,
            349.02918014804317
        ],
        [
            0.0,
            398.17411025272116,
            222.96336995764477
        ],
        [
            0.0,
            0.0,
            1.0
        ]
    ],
    "dist_coeffs": [
        0.040180466292969154,
        -0.26365165981527655,
        -0.02672790961793867,
        -0.022152471690997322,
        0.2662482871833709
    ],
    "extrinsics": [
        {
            "image": "/workspace/calibration/camera_calibration/raw_images/0000.png",
            "rvec": [
                -0.26958715809586814,
                0.3960167362837649,
                1.3729610119445828
            ],
            "tvec": [
                -0.06426793482603485,
                0.08718257213182212,
                0.5611558751129654
            ],
            "T_tag_to_cam": [
                [
                    0.1467601547568871,
                    -0.9823685349486875,
                    0.1158167454149178,
                    -0.06426793482603485
                ],
                [
                    0.8931428735359461,
                    0.18192523257253865,
                    0.4113380813945877,
                    0.08718257213182212
                ],
                [
                    -0.4251555767336085,
                    0.0430728603205901,
                    0.9040948314618968,
                    0.5611558751129654
                ],
                [
                    0.0,
                    0.0,
                    0.0,
                    1.0
                ]
            ]
        },
        {
            "image": "/workspace/calibration/camera_calibration/raw_images/0001.png",
            "rvec": [
                -0.645013181404518,
                -0.5167239533869583,
                0.8724578806778097
            ],
            "tvec": [
                -0.12757443274287086,
                0.1502107781782893,
                0.33931654284428875
            ],
            "T_tag_to_cam": [
                [
                    0.5448761397406034,
                    -0.5295751826726963,
                    -0.6501231562085439,
                    -0.12757443274287086
                ],
                [
                    0.8246383025581784,
                    0.4789047225213464,
                    0.3010347765636364,
                    0.1502107781782893
                ],
                [
                    0.15192650293923263,
                    -0.7001431229712484,
                    0.6976517362271255,
                    0.33931654284428875
                ],
                [
                    0.0,
                    0.0,
                    0.0,
                    1.0
                ]
            ]
        },
        {
            "image": "/workspace/calibration/camera_calibration/raw_images/0002.png",
            "rvec": [
                -1.0906528775240012,
                -0.35631087867011096,
                0.6721180127104367
            ],
            "tvec": [
                -0.1628746387707959,
                0.03456958958317188,
                0.2803114959479611
            ],
            "T_tag_to_cam": [
                [
                    0.7508510616749848,
                    -0.3235251330952421,
                    -0.5758074082861853,
                    -0.1628746387707959
                ],
                [
                    0.6581445490868538,
                    0.2933822091237184,
                    0.6933776978508528,
                    0.03456958958317188
                ],
                [
                    -0.05539346250966587,
                    -0.8995878876604511,
                    0.43321264603632903,
                    0.2803114959479611
                ],
                [
                    0.0,
                    0.0,
                    0.0,
                    1.0
                ]
            ]
        },
        {
            "image": "/workspace/calibration/camera_calibration/raw_images/0003.png",
            "rvec": [
                -0.9036505474798429,
                -0.2818493399490929,
                1.6387336923303546
            ],
            "tvec": [
                -0.12648307891205435,
                -0.04976110689127612,
                0.5114530886237202
            ],
            "T_tag_to_cam": [
                [
                    -0.01607385682758461,
                    -0.7279048037417334,
                    -0.6854897722186635,
                    -0.12648307891205435
                ],
                [
                    0.9151003012298206,
                    -0.2869688280434387,
                    0.2832672420532725,
                    -0.04976110689127612
                ],
                [
                    -0.40290578280260303,
                    -0.6227386999545508,
                    0.6707186010266435,
                    0.5114530886237202
                ],
                [
                    0.0,
                    0.0,
                    0.0,
                    1.0
                ]
            ]
        },
        {
            "image": "/workspace/calibration/camera_calibration/raw_images/0004.png",
            "rvec": [
                -0.7313253654327838,
                0.06209512359721789,
                2.068738957787273
            ],
            "tvec": [
                0.03485915048645069,
                -0.06964365362452486,
                0.6579270702231481
            ],
            "T_tag_to_cam": [
                [
                    -0.40863533593633944,
                    -0.7796159022384718,
                    -0.4745694967031577,
                    0.03485915048645069
                ],
                [
                    0.7497487224095966,
                    -0.5832477263843772,
                    0.3125683011961265,
                    -0.06964365362452486
                ],
                [
                    -0.5204747981116594,
                    -0.2280814210854277,
                    0.8228516572786851,
                    0.6579270702231481
                ],
                [
                    0.0,
                    0.0,
                    0.0,
                    1.0
                ]
            ]
        },
        {
            "image": "/workspace/calibration/camera_calibration/raw_images/0005.png",
            "rvec": [
                0.10749086052093354,
                0.972130324358319,
                2.1705285116493327
            ],
            "tvec": [
                0.16547142585089455,
                -0.08696105484330015,
                0.7019580415817972
            ],
            "T_tag_to_cam": [
                [
                    -0.7207134628803162,
                    -0.5968927987169045,
                    0.3525494167673009,
                    0.16547142585089455
                ],
                [
                    0.6604708796883924,
                    -0.4367334066717546,
                    0.6107717647210986,
                    -0.08696105484330015
                ],
                [
                    -0.21059516021671565,
                    0.6730400570075936,
                    0.7089899577261383,
                    0.7019580415817972
                ],
                [
                    0.0,
                    0.0,
                    0.0,
                    1.0
                ]
            ]
        },
        {
            "image": "/workspace/calibration/camera_calibration/raw_images/0006.png",
            "rvec": [
                0.36125429093180467,
                0.9158338479738184,
                2.240128992717016
            ],
            "tvec": [
                0.18457999310403658,
                -0.21009891300995248,
                0.6774956050163613
            ],
            "T_tag_to_cam": [
                [
                    -0.7297236087669544,
                    -0.4883231551814135,
                    0.47858536429962195,
                    0.18457999310403658
                ],
                [
                    0.6837419875169783,
                    -0.520557440073744,
                    0.5113871782614444,
                    -0.21009891300995248
                ],
                [
                    -0.0005910283113771675,
                    0.7004002053808517,
                    0.7137500984154013,
                    0.6774956050163613
                ],
                [
                    0.0,
                    0.0,
                    0.0,
                    1.0
                ]
            ]
        },
        {
            "image": "/workspace/calibration/camera_calibration/raw_images/0007.png",
            "rvec": [
                0.3637526055284011,
                0.7897847676473565,
                2.2526451767102014
            ],
            "tvec": [
                0.1715040321127147,
                -0.22410238642792335,
                0.659016331144543
            ],
            "T_tag_to_cam": [
                [
                    -0.7075524094708578,
                    -0.5339188038567929,
                    0.462925802629444,
                    0.1715040321127147
                ],
                [
                    0.7060991123163606,
                    -0.5602829558531451,
                    0.4330208458798608,
                    -0.22410238642792335
                ],
                [
                    0.02817146496068268,
                    0.6332564411583936,
                    0.7734291488516419,
                    0.659016331144543
                ],
                [
                    0.0,
                    0.0,
                    0.0,
                    1.0
                ]
            ]
        },
        {
            "image": "/workspace/calibration/camera_calibration/raw_images/0008.png",
            "rvec": [
                -0.11798705295834466,
                0.9807042476931278,
                2.2189915565737945
            ],
            "tvec": [
                0.1480009239401257,
                -0.04528146920383553,
                0.7080139242417818
            ],
            "T_tag_to_cam": [
                [
                    -0.7524684385918864,
                    -0.6318041407011363,
                    0.18605046819609788,
                    0.1480009239401257
                ],
                [
                    0.5628985963522366,
                    -0.4702431653539936,
                    0.6797179824475282,
                    -0.04528146920383553
                ],
                [
                    -0.3419596747392452,
                    0.6161938763333786,
                    0.709484804362626,
                    0.7080139242417818
                ],
                [
                    0.0,
                    0.0,
                    0.0,
                    1.0
                ]
            ]
        },
        {
            "image": "/workspace/calibration/camera_calibration/raw_images/0009.png",
            "rvec": [
                0.22635371812542956,
                1.2023917704411216,
                2.179951154078039
            ],
            "tvec": [
                0.01973613800684075,
                0.05373405358685191,
                0.47361478184220746
            ],
            "T_tag_to_cam": [
                [
                    -0.7862776436885455,
                    -0.4435671579172666,
                    0.4301344481122006,
                    0.01973613800684075
                ],
                [
                    0.6004464817664208,
                    -0.3843723680233576,
                    0.7012288536807678,
                    0.05373405358685191
                ],
                [
                    -0.14571029328745444,
                    0.8096332868140459,
                    0.5685617392269449,
                    0.47361478184220746
                ],
                [
                    0.0,
                    0.0,
                    0.0,
                    1.0
                ]
            ]
        },
        {
            "image": "/workspace/calibration/camera_calibration/raw_images/0010.png",
            "rvec": [
                0.020508312355611125,
                1.0765421531665036,
                2.248146252912732
            ],
            "tvec": [
                0.020725057722800557,
                -0.04472774188980415,
                0.29843833410244325
            ],
            "T_tag_to_cam": [
                [
                    -0.7966284318481266,
                    -0.538638430501867,
                    0.27432058391174363,
                    0.020725057722800557
                ],
                [
                    0.551406950560438,
                    -0.46162130533999035,
                    0.6948785112016646,
                    -0.04472774188980415
                ],
                [
                    -0.2476560446361712,
                    0.7048222553542763,
                    0.6647496309983763,
                    0.29843833410244325
                ],
                [
                    0.0,
                    0.0,
                    0.0,
                    1.0
                ]
            ]
        },
        {
            "image": "/workspace/calibration/camera_calibration/raw_images/0011.png",
            "rvec": [
                0.05371812876151509,
                0.12689445576786554,
                1.5180661235123656
            ],
            "tvec": [
                -0.1401324112438788,
                -0.03517545025067173,
                0.2164361488851008
            ],
            "T_tag_to_cam": [
                [
                    0.047656545453132866,
                    -0.9920322165309142,
                    0.11662304677993315,
                    -0.1401324112438788
                ],
                [
                    0.99762698073016,
                    0.05308038561212799,
                    0.04385065543971319,
                    -0.03517545025067173
                ],
                [
                    -0.04969165920653217,
                    0.11425652728850458,
                    0.9922077327743786,
                    0.2164361488851008
                ],
                [
                    0.0,
                    0.0,
                    0.0,
                    1.0
                ]
            ]
        },
        {
            "image": "/workspace/calibration/camera_calibration/raw_images/0012.png",
            "rvec": [
                0.2725051716852123,
                0.27690757796554666,
                1.6006137785916532
            ],
            "tvec": [
                -0.1312222071939539,
                -0.059927377342598585,
                0.2169351439047455
            ],
            "T_tag_to_cam": [
                [
                    -0.04675957315362787,
                    -0.939022012913004,
                    0.34066288553832935,
                    -0.1312222071939539
                ],
                [
                    0.9988915652415984,
                    -0.045800050399608376,
                    0.010862608921577754,
                    -0.059927377342598585
                ],
                [
                    0.005402148431904813,
                    0.340793213911609,
                    0.9401227590820873,
                    0.2169351439047455
                ],
                [
                    0.0,
                    0.0,
                    0.0,
                    1.0
                ]
            ]
        },
        {
            "image": "/workspace/calibration/camera_calibration/raw_images/0013.png",
            "rvec": [
                -0.2733619648661097,
                -0.5998751717672502,
                -0.9039035130506529
            ],
            "tvec": [
                -0.08775982765750082,
                0.05030775101189329,
                0.48428486222304956
            ],
            "T_tag_to_cam": [
                [
                    0.47042573031423157,
                    0.8005895271521686,
                    -0.37115500976356086,
                    -0.08775982765750082
                ],
                [
                    -0.6530123102682908,
                    0.5987247372422555,
                    0.4637926386352651,
                    0.05030775101189329
                ],
                [
                    0.5935272149584983,
                    0.02418879964899387,
                    0.8044503384766206,
                    0.48428486222304956
                ],
                [
                    0.0,
                    0.0,
                    0.0,
                    1.0
                ]
            ]
        },
        {
            "image": "/workspace/calibration/camera_calibration/raw_images/0014.png",
            "rvec": [
                -0.20744102028743847,
                -0.22075643828750835,
                -0.8321932972602284
            ],
            "tvec": [
                -0.10231769783193018,
                -0.024450964090635373,
                0.28745347489313516
            ],
            "T_tag_to_cam": [
                [
                    0.6529606435256241,
                    0.749036464104675,
                    -0.11219079038926856,
                    -0.10231769783193018
                ],
                [
                    -0.7061584172850275,
                    0.6556299342049247,
                    0.26737553940469416,
                    -0.024450964090635373
                ],
                [
                    0.273829669145087,
                    -0.0953612332974578,
                    0.9570389477340409,
                    0.28745347489313516
                ],
                [
                    0.0,
                    0.0,
                    0.0,
                    1.0
                ]
            ]
        },
        {
            "image": "/workspace/calibration/camera_calibration/raw_images/0015.png",
            "rvec": [
                -0.021183853822212724,
                -1.2238842090688922,
                -1.5088711843837985
            ],
            "tvec": [
                -0.12176713915729272,
                -0.01995995991905809,
                0.5432405010046214
            ],
            "T_tag_to_cam": [
                [
                    -0.3634553532439733,
                    0.7327962777889669,
                    -0.5752476175152174,
                    -0.12176713915729272
                ],
                [
                    -0.7140658786656533,
                    0.1774512288322232,
                    0.6772156099141413,
                    -0.01995995991905809
                ],
                [
                    0.5983394748165517,
                    0.6569023341750044,
                    0.4587692189235061,
                    0.5432405010046214
                ],
                [
                    0.0,
                    0.0,
                    0.0,
                    1.0
                ]
            ]
        },
        {
            "image": "/workspace/calibration/camera_calibration/raw_images/0016.png",
            "rvec": [
                -0.27725202069162425,
                0.05330287035782027,
                -0.10417735377610696
            ],
            "tvec": [
                0.07522442488058047,
                -0.2231758219360877,
                0.6536781258216348
            ],
            "T_tag_to_cam": [
                [
                    0.9932044598122275,
                    0.09527845944880693,
                    0.06683499213857497,
                    0.07522442488058047
                ],
                [
                    -0.10994559353677698,
                    0.9564692134432977,
                    0.270330557275727,
                    -0.2231758219360877
                ],
                [
                    -0.03816893332210304,
                    -0.2758417279894783,
                    0.9604449352403455,
                    0.6536781258216348
                ],
                [
                    0.0,
                    0.0,
                    0.0,
                    1.0
                ]
            ]
        },
        {
            "image": "/workspace/calibration/camera_calibration/raw_images/0017.png",
            "rvec": [
                -0.9233953920824554,
                0.5952095356706063,
                0.3194312307307418
            ],
            "tvec": [
                0.05573169860309684,
                0.10108382554797737,
                0.5860704918289591
            ],
            "T_tag_to_cam": [
                [
                    0.7956711426698724,
                    -0.5002734640070434,
                    0.3415170477923655,
                    0.05573169860309684
                ],
                [
                    0.008056440077765237,
                    0.5725022201040544,
                    0.8198635872809585,
                    0.10108382554797737
                ],
                [
                    -0.605675264886798,
                    -0.6495903856941865,
                    0.45955391883650054,
                    0.5860704918289591
                ],
                [
                    0.0,
                    0.0,
                    0.0,
                    1.0
                ]
            ]
        },
        {
            "image": "/workspace/calibration/camera_calibration/raw_images/0018.png",
            "rvec": [
                -1.2635234922106224,
                0.29229722995768354,
                1.0724495598591703
            ],
            "tvec": [
                -0.03889016503133215,
                0.15955876047025358,
                0.36819616137620936
            ],
            "T_tag_to_cam": [
                [
                    0.5149206971127063,
                    -0.7782659376070742,
                    -0.35938670822047125,
                    -0.03889016503133215
                ],
                [
                    0.48827937268621785,
                    -0.07830482895201452,
                    0.8691671921856859,
                    0.15955876047025358
                ],
                [
                    -0.7045849344785325,
                    -0.6230332929494035,
                    0.3396904266865708,
                    0.36819616137620936
                ],
                [
                    0.0,
                    0.0,
                    0.0,
                    1.0
                ]
            ]
        },
        {
            "image": "/workspace/calibration/camera_calibration/raw_images/0019.png",
            "rvec": [
                -1.494579920678589,
                -0.22075606660974423,
                0.8276758570234848
            ],
            "tvec": [
                -0.020847316918972587,
                0.06950579481019244,
                0.1736301851794505
            ],
            "T_tag_to_cam": [
                [
                    0.7153255073197051,
                    -0.3469336799310763,
                    -0.6065858886483336,
                    -0.020847316918972587
                ],
                [
                    0.6029361388103638,
                    -0.13237204057579655,
                    0.7867309930276356,
                    0.06950579481019244
                ],
                [
                    -0.3532384903917706,
                    -0.9285013002701081,
                    0.11448975632108754,
                    0.1736301851794505
                ],
                [
                    0.0,
                    0.0,
                    0.0,
                    1.0
                ]
            ]
        },
        {
            "image": "/workspace/calibration/camera_calibration/raw_images/0020.png",
            "rvec": [
                -0.20419052371282007,
                -0.7792362190586326,
                -1.2170453512682349
            ],
            "tvec": [
                -0.08922203247997441,
                0.08435681281326379,
                0.1794557786834385
            ],
            "T_tag_to_cam": [
                [
                    0.12847901235955103,
                    0.8951250783999246,
                    -0.4269007348349768,
                    -0.08922203247997441
                ],
                [
                    -0.7623253726184024,
                    0.36447617121700476,
                    0.5348057094657894,
                    0.08435681281326379
                ],
                [
                    0.6343131479366703,
                    0.25672595239772983,
                    0.7292040974378506,
                    0.1794557786834385
                ],
                [
                    0.0,
                    0.0,
                    0.0,
                    1.0
                ]
            ]
        },
        {
            "image": "/workspace/calibration/camera_calibration/raw_images/0021.png",
            "rvec": [
                -0.7151415758495164,
                -0.5943310876309905,
                -0.8443898794699497
            ],
            "tvec": [
                -0.17915043818825815,
                -0.03511606079708508,
                0.29184349331012155
            ],
            "T_tag_to_cam": [
                [
                    0.533393046361105,
                    0.8252391533817972,
                    -0.1856669001715564,
                    -0.17915043818825815
                ],
                [
                    -0.45323024415442237,
                    0.4641615136434075,
                    0.7610101412175684,
                    -0.03511606079708508
                ],
                [
                    0.7141947940704572,
                    -0.32176766303958415,
                    0.6216038667388595,
                    0.29184349331012155
                ],
                [
                    0.0,
                    0.0,
                    0.0,
                    1.0
                ]
            ]
        },
        {
            "image": "/workspace/calibration/camera_calibration/raw_images/0022.png",
            "rvec": [
                -0.6412666532304869,
                0.3736525952484127,
                -1.5435007053521983
            ],
            "tvec": [
                -0.1787913755087106,
                -0.000934762020008437,
                0.443901482629714
            ],
            "T_tag_to_cam": [
                [
                    0.018620647594088074,
                    0.7989321657606182,
                    0.6011328189312447,
                    -0.1787913755087106
                ],
                [
                    -0.9854097561790939,
                    -0.08706850267797805,
                    0.14624188274387548,
                    -0.000934762020008437
                ],
                [
                    0.16917707856041028,
                    -0.595085263096359,
                    0.7856542787608946,
                    0.443901482629714
                ],
                [
                    0.0,
                    0.0,
                    0.0,
                    1.0
                ]
            ]
        },
        {
            "image": "/workspace/calibration/camera_calibration/raw_images/0023.png",
            "rvec": [
                -0.6640583787903609,
                0.1629274307963653,
                -1.9988844026644523
            ],
            "tvec": [
                -0.1571418664709174,
                -0.011456467154853203,
                0.5717676618913451
            ],
            "T_tag_to_cam": [
                [
                    -0.36592098300011633,
                    0.7739230986827167,
                    0.5168605919641874,
                    -0.1571418664709174
                ],
                [
                    -0.8474091452895781,
                    -0.5066629769977259,
                    0.15871473850713536,
                    -0.011456467154853203
                ],
                [
                    0.3847071284494414,
                    -0.37991533933910016,
                    0.8412281261673558,
                    0.5717676618913451
                ],
                [
                    0.0,
                    0.0,
                    0.0,
                    1.0
                ]
            ]
        },
        {
            "image": "/workspace/calibration/camera_calibration/raw_images/0024.png",
            "rvec": [
                -0.7390706098328735,
                -0.3562404700864032,
                -2.0069660801792852
            ],
            "tvec": [
                -0.11967699389013954,
                -0.13590722901403146,
                0.6965895778620863
            ],
            "T_tag_to_cam": [
                [
                    -0.380939790178568,
                    0.8528335757962064,
                    0.35715510391616256,
                    -0.11967699389013954
                ],
                [
                    -0.677815985247537,
                    -0.5203087697736565,
                    0.5194653734750133,
                    -0.13590722901403146
                ],
                [
                    0.6288484447000084,
                    -0.04420040827051705,
                    0.7762705440161313,
                    0.6965895778620863
                ],
                [
                    0.0,
                    0.0,
                    0.0,
                    1.0
                ]
            ]
        },
        {
            "image": "/workspace/calibration/camera_calibration/raw_images/0025.png",
            "rvec": [
                -0.7726762922268998,
                0.6891406174593971,
                1.5124071143890518
            ],
            "tvec": [
                0.022867567123116644,
                -0.13679407965216356,
                0.7284303406584883
            ],
            "T_tag_to_cam": [
                [
                    -0.03529532056917775,
                    -0.9965716407146602,
                    -0.0748278375286156,
                    0.022867567123116644
                ],
                [
                    0.5974269109701581,
                    -0.08106310983943033,
                    0.79781567938454,
                    -0.13679407965216356
                ],
                [
                    -0.8011462578047617,
                    -0.01654500367030398,
                    0.5982398653207391,
                    0.7284303406584883
                ],
                [
                    0.0,
                    0.0,
                    0.0,
                    1.0
                ]
            ]
        },
        {
            "image": "/workspace/calibration/camera_calibration/raw_images/0026.png",
            "rvec": [
                -0.15454973347986264,
                0.6450228781393208,
                2.101974836860316
            ],
            "tvec": [
                0.04817538401107813,
                -0.11612896891001499,
                0.6855997164016235
            ],
            "T_tag_to_cam": [
                [
                    -0.5840178599953628,
                    -0.8013539310871565,
                    0.1294411694075631,
                    0.04817538401107813
                ],
                [
                    0.7360265701206632,
                    -0.45552029974133657,
                    0.5007655585201274,
                    -0.11612896891001499
                ],
                [
                    -0.3423273685857573,
                    0.3877281697977638,
                    0.8558497759901718,
                    0.6855997164016235
                ],
                [
                    0.0,
                    0.0,
                    0.0,
                    1.0
                ]
            ]
        },
        {
            "image": "/workspace/calibration/camera_calibration/raw_images/0027.png",
            "rvec": [
                0.1849941203575656,
                0.26003443941400073,
                2.516345780219074
            ],
            "tvec": [
                0.11923120779585196,
                -0.17781147014198873,
                0.5822283461072395
            ],
            "T_tag_to_cam": [
                [
                    -0.8127559445217074,
                    -0.5506913513654069,
                    0.19017573498206627,
                    0.11923120779585196
                ],
                [
                    0.577943725978097,
                    -0.8032964460107853,
                    0.14386059025666428,
                    -0.17781147014198873
                ],
                [
                    0.07354470917191527,
                    0.226834422779664,
                    0.9711525731804632,
                    0.5822283461072395
                ],
                [
                    0.0,
                    0.0,
                    0.0,
                    1.0
                ]
            ]
        },
        {
            "image": "/workspace/calibration/camera_calibration/raw_images/0028.png",
            "rvec": [
                -0.8402790540160846,
                -0.47751274846553793,
                1.1895978867860193
            ],
            "tvec": [
                -0.03077094629319225,
                0.14251227290402957,
                0.3920539421502385
            ],
            "T_tag_to_cam": [
                [
                    0.32717923065074683,
                    -0.6112763887125459,
                    -0.7206212095361431,
                    -0.03077094629319225
                ],
                [
                    0.9398688744115868,
                    0.13143324368619713,
                    0.3152329319192738,
                    0.14251227290402957
                ],
                [
                    -0.0979808651884756,
                    -0.7804271132249784,
                    0.6175218789648224,
                    0.3920539421502385
                ],
                [
                    0.0,
                    0.0,
                    0.0,
                    1.0
                ]
            ]
        },
        {
            "image": "/workspace/calibration/camera_calibration/raw_images/0029.png",
            "rvec": [
                -0.5011893651724263,
                -0.6521601485892031,
                -0.4339551346797774
            ],
            "tvec": [
                -0.06684001390078444,
                0.1476320794959325,
                0.2882294769975957
            ],
            "T_tag_to_cam": [
                [
                    0.7146690305695659,
                    0.5260401051979409,
                    -0.4610097444394169,
                    -0.06684001390078444
                ],
                [
                    -0.22207167156712676,
                    0.7956338275931758,
                    0.56360534514571,
                    0.1476320794959325
                ],
                [
                    0.663273962576656,
                    -0.30041408108271495,
                    0.6854334617270219,
                    0.2882294769975957
                ],
                [
                    0.0,
                    0.0,
                    0.0,
                    1.0
                ]
            ]
        },
        {
            "image": "/workspace/calibration/camera_calibration/raw_images/0030.png",
            "rvec": [
                -0.5415338160445183,
                -0.5981366095796271,
                -0.4562515887283567
            ],
            "tvec": [
                -0.07916777639188002,
                0.03905405021970182,
                0.2291441329522725
            ],
            "T_tag_to_cam": [
                [
                    0.7367223182211975,
                    0.5443537424564387,
                    -0.4011473905043552,
                    -0.07916777639188002
                ],
                [
                    -0.24298024880914107,
                    0.7667323347838682,
                    0.5942071402175557,
                    0.03905405021970182
                ],
                [
                    0.6310315558856248,
                    -0.34029476909078,
                    0.6971360309193754,
                    0.2291441329522725
                ],
                [
                    0.0,
                    0.0,
                    0.0,
                    1.0
                ]
            ]
        },
        {
            "image": "/workspace/calibration/camera_calibration/raw_images/0031.png",
            "rvec": [
                -0.720937760392303,
                -0.6173826333836046,
                -0.5721772903465325
            ],
            "tvec": [
                -0.10265036911633828,
                -0.06435305835355047,
                0.19678078215786607
            ],
            "T_tag_to_cam": [
                [
                    0.6805362065451823,
                    0.6627102388444853,
                    -0.3125469739283653,
                    -0.10265036911633828
                ],
                [
                    -0.2613499110360088,
                    0.6180500278111662,
                    0.7414245660376293,
                    -0.06435305835355047
                ],
                [
                    0.6845193171726882,
                    -0.4228821377799043,
                    0.5938046833464139,
                    0.19678078215786607
                ],
                [
                    0.0,
                    0.0,
                    0.0,
                    1.0
                ]
            ]
        },
        {
            "image": "/workspace/calibration/camera_calibration/raw_images/0032.png",
            "rvec": [
                0.412828078496276,
                -0.8563286997490884,
                -1.7124929878671502
            ],
            "tvec": [
                -0.0996685702981339,
                -0.03932018973363004,
                0.23022144182152088
            ],
            "T_tag_to_cam": [
                [
                    -0.3169877889504923,
                    0.6823707917973686,
                    -0.6587023942252754,
                    -0.0996685702981339
                ],
                [
                    -0.9363728151978518,
                    -0.1147757729812976,
                    0.33171143015427607,
                    -0.03932018973363004
                ],
                [
                    0.15074711478077352,
                    0.7219394880724961,
                    0.6753359778265144,
                    0.23022144182152088
                ],
                [
                    0.0,
                    0.0,
                    0.0,
                    1.0
                ]
            ]
        },
        {
            "image": "/workspace/calibration/camera_calibration/raw_images/0033.png",
            "rvec": [
                0.28787063810019836,
                -0.9211709149821017,
                -1.4790863203934328
            ],
            "tvec": [
                -0.09091631435192753,
                0.017048541555909378,
                0.33984369301629985
            ],
            "T_tag_to_cam": [
                [
                    -0.16234365707956083,
                    0.7200474739586548,
                    -0.674667453084699,
