camera_matrix:
- - 901.228406472543
  - 0.0
  - 648.1844097360895
- - 0.0
  - 901.4381244324582
  - 379.547149761782
- - 0.0
  - 0.0
  - 1.0
dist_coeff:
- - 0.1142849619547387
  - -0.24351860706438033
  - 0.0007099317538674963
  - -0.002223049250025779
  - 0.06933641989965024
