camera_matrix:
- - 903.2878208661037
  - 0.0
  - 651.5271534517226
- - 0.0
  - 903.880154930987
  - 378.4798836025796
- - 0.0
  - 0.0
  - 1.0
dist_coeffs:
- - 0.12228147798936238
  - -0.261257118122173
  - 0.0005867779860040103
  - -0.0011333461576900927
  - 0.06289520935230605
