{
    "image_size": {
        "width": 640,
        "height": 480
    },
    "reprojection_error": 0.14769175953449454,
    "camera_matrix": [
        [
            394.6607361206761,
            0.0,
            294.39750154519714
        ],
        [
            0.0,
            395.9534778191353,
            255.16154902400461
        ],
        [
            0.0,
            0.0,
            1.0
        ]
    ],
    "dist_coeffs": [
        0.055366877397944166,
        -0.19015763835235558,
        0.008769770177487013,
        -0.019017321968011393,
        0.2723003277085565
    ],
    "extrinsics": [
        {
            "image": "/workspace/calibration/camera_calibration/raw_images/0000.png",
            "rvec": [
                -0.7113216234602521,
                -0.6824552506160894,
                -1.4962763717494705
            ],
            "tvec": [
                -0.049040350268018174,
                0.07513831443956842,
                0.47358972423800305
            ],
            "T_tag_to_cam": [
                [
                    -0.027068697341148168,
                    0.9991028495421321,
                    0.03256964324405348,
                    -0.049040350268018174
                ],
                [
                    -0.6304067540422287,
                    -0.04234730657064806,
                    0.7751090439958448,
                    0.07513831443956842
                ],
                [
                    0.7757928912294789,
                    0.0004490690405130615,
                    0.6309874707589704,
                    0.47358972423800305
                ],
                [
                    0.0,
                    0.0,
                    0.0,
                    1.0
                ]
            ]
        },
        {
            "image": "/workspace/calibration/camera_calibration/raw_images/0001.png",
            "rvec": [
                -0.3342566497448794,
                -0.30198089717843835,
                -1.6886788293543904
            ],
            "tvec": [
                -0.060210135747391993,
                0.06153853839507173,
                0.45179759792346846
            ],
            "T_tag_to_cam": [
                [
                    -0.13299548966581123,
                    0.9899907639675108,
                    0.04722803179866211,
                    -0.060210135747391993
                ],
                [
                    -0.9122671961838559,
                    -0.1409015273076008,
                    0.3845976109770205,
                    0.06153853839507173
                ],
                [
                    0.3874025845233834,
                    0.00806516344594252,
                    0.9218753661114895,
                    0.45179759792346846
                ],
                [
                    0.0,
                    0.0,
                    0.0,
                    1.0
                ]
            ]
        },
        {
            "image": "/workspace/calibration/camera_calibration/raw_images/0002.png",
            "rvec": [
                0.1138892633191427,
                -0.03342161588991711,
                -1.882980679278534
            ],
            "tvec": [
                -0.04705940572240509,
                0.08563502538312881,
                0.39824507351848515
            ],
            "T_tag_to_cam": [
                [
                    -0.30591659063312304,
                    0.9472262594749276,
                    -0.09579902367218261,
                    -0.04705940572240509
                ],
                [
                    -0.9500292855436331,
                    -0.3102811764765659,
                    -0.03420450458305538,
                    0.08563502538312881
                ],
                [
                    -0.06212403870371176,
                    0.08054815258871792,
                    0.9948128461824788,
                    0.39824507351848515
                ],
                [
                    0.0,
                    0.0,
                    0.0,
                    1.0
                ]
            ]
        },
        {
            "image": "/workspace/calibration/camera_calibration/raw_images/0003.png",
            "rvec": [
                -0.4693224817582645,
                0.209439677232495,
                -2.4521968444463824
            ],
            "tvec": [
                -0.06038387940196692,
                0.09571135450576217,
                0.41596353174632317
            ],
            "T_tag_to_cam": [
                [
                    -0.7410936977698819,
                    0.5531911582319994,
                    0.3804729603791866,
                    -0.06038387940196692
                ],
                [
                    -0.6096998498031482,
                    -0.7917986180962734,
                    -0.03634613501942635,
                    0.09571135450576217
                ],
                [
                    0.281151603722585,
                    -0.25891019839853924,
                    0.9240775318605297,
                    0.41596353174632317
                ],
                [
                    0.0,
                    0.0,
                    0.0,
                    1.0
                ]
            ]
        },
        {
            "image": "/workspace/calibration/camera_calibration/raw_images/0004.png",
            "rvec": [
                -0.12443809772008342,
                -0.7172876694036717,
                -2.9912211474163275
            ],
            "tvec": [
                -0.032876840688639095,
                0.006548919708026353,
                0.3265840539417253
            ],
            "T_tag_to_cam": [
                [
                    -0.9947481579176028,
                    0.08004382651233255,
                    0.06378940473777245,
                    -0.032876840688639095
                ],
                [
                    -0.04240932324494296,
                    -0.8895460125162185,
                    0.4548728843516631,
                    0.006548919708026353
                ],
                [
                    0.0931533768654775,
                    0.44977869831035705,
                    0.8882688618457808,
                    0.3265840539417253
                ],
                [
                    0.0,
                    0.0,
                    0.0,
                    1.0
                ]
            ]
        },
        {
            "image": "/workspace/calibration/camera_calibration/raw_images/0005.png",
            "rvec": [
                -0.1429404603520944,
                -0.255615987066694,
                -2.0482104716128227
            ],
            "tvec": [
                -0.037789536135043246,
                -0.0327645387682609,
                0.42459430131446524
            ],
            "T_tag_to_cam": [
                [
                    -0.47083221470265935,
                    0.882191312272759,
                    -0.00745078174800945,
                    -0.037789536135043246
                ],
                [
                    -0.8569637567580431,
                    -0.45532901212723964,
                    0.24143034258016055,
                    -0.0327645387682609
                ],
                [
                    0.20959519365035675,
                    0.1200582328109972,
                    0.9703895483428141,
                    0.42459430131446524
                ],
                [
                    0.0,
                    0.0,
                    0.0,
                    1.0
                ]
            ]
        },
        {
            "image": "/workspace/calibration/camera_calibration/raw_images/0006.png",
            "rvec": [
                -0.2395545327231829,
                -0.07064034491305775,
                -0.8561269121473214
            ],
            "tvec": [
                0.015960548925364786,
                -0.08722917784059957,
                0.512380968375555
            ],
            "T_tag_to_cam": [
                [
                    0.6548436509081528,
                    0.7549863674190276,
                    0.03428378445712248,
                    0.015960548925364786
                ],
                [
                    -0.7391563991690919,
                    0.6303364565251455,
                    0.23732629256512128,
                    -0.08722917784059957
                ],
                [
                    0.15756779630579185,
                    -0.18075269454905635,
                    0.9708248312546357,
                    0.512380968375555
                ],
                [
                    0.0,
                    0.0,
                    0.0,
                    1.0
                ]
            ]
        },
        {
            "image": "/workspace/calibration/camera_calibration/raw_images/0007.png",
            "rvec": [
                -0.3428073138815247,
                0.19036893862628732,
                -0.7036576970820927
            ],
            "tvec": [
                0.003707721942198071,
                -0.14064479972792515,
                0.64924311933321
            ],
            "T_tag_to_cam": [
                [
                    0.7483724264900482,
                    0.5990861284309305,
                    0.2846656319105557,
                    0.003707721942198071
                ],
                [
                    -0.6608925633975656,
                    0.7098846661427977,
                    0.24348466157259957,
                    -0.14064479972792515
                ],
                [
                    -0.056211483837309395,
                    -0.37035060617874954,
                    0.9271896772440041,
                    0.64924311933321
                ],
                [
                    0.0,
                    0.0,
                    0.0,
                    1.0
                ]
            ]
        },
        {
            "image": "/workspace/calibration/camera_calibration/raw_images/0008.png",
            "rvec": [
                -0.06918657830871784,
                0.19640064456396333,
                -2.8896280925707414
            ],
            "tvec": [
                0.0040830800325225005,
                -0.21608858094270905,
                0.7219042705429612
            ],
            "T_tag_to_cam": [
                [
                    -0.9691417003309238,
                    0.23822789477715264,
                    0.06333904664369032,
                    0.0040830800325225005
                ],
                [
                    -0.24460738812816032,
                    -0.9612105945125886,
                    -0.12744182464903514,
                    -0.21608858094270905
                ],
                [
                    0.03052196508754348,
                    -0.13900238539968218,
                    0.9898215730627382,
                    0.7219042705429612
                ],
                [
                    0.0,
                    0.0,
                    0.0,
                    1.0
                ]
            ]
        },
        {
            "image": "/workspace/calibration/camera_calibration/raw_images/0009.png",
            "rvec": [
                -0.06422876305098967,
                0.1356373250009694,
                -2.4481283394340787
            ],
            "tvec": [
                0.00442670637628544,
                -0.4006658819092965,
                0.758287932537846
            ],
            "T_tag_to_cam": [
                [
                    -0.7707505725146009,
                    0.6319070928910755,
                    0.08146766795707835,
                    0.00442670637628544
                ],
                [
                    -0.6370392117326895,
                    -0.766546721328732,
                    -0.08116136232940505,
                    -0.4006658819092965
                ],
                [
                    0.011162333242142622,
                    -0.11445326545853157,
                    0.9933659206669362,
                    0.758287932537846
                ],
                [
                    0.0,
                    0.0,
                    0.0,
                    1.0
                ]
            ]
        },
        {
            "image": "/workspace/calibration/camera_calibration/raw_images/0010.png",
            "rvec": [
                -0.45164944799528406,
                -0.25398743246815886,
                -1.5267241321295173
            ],
            "tvec": [
                0.035449661451582584,
                -0.1491579756550415,
                0.7095869968289092
            ],
            "T_tag_to_cam": [
                [
                    0.04027606445550796,
                    0.9920927751513885,
                    0.11886868437226245,
                    0.035449661451582584
                ],
                [
                    -0.9001722114829956,
                    -0.0156061313031986,
                    0.43525445240636007,
                    -0.1491579756550415
                ],
                [
                    0.43366787788097566,
                    -0.12453262286711908,
                    0.892425793854059,
                    0.7095869968289092
                ],
                [
                    0.0,
                    0.0,
                    0.0,
                    1.0
                ]
            ]
        },
        {
            "image": "/workspace/calibration/camera_calibration/raw_images/0011.png",
            "rvec": [
                -0.25028418339100833,
                -0.1530879157720289,
                -2.8856664494683866
            ],
            "tvec": [
                -0.035314123089211544,
                0.012655773935988976,
                0.2151196739500374
            ],
            "T_tag_to_cam": [
                [
                    -0.9564116828915266,
                    0.24647462587323302,
                    0.15661082858234246,
                    -0.035314123089211544
                ],
                [
                    -0.2285210183634995,
                    -0.9655971840992131,
                    0.12409763182986015,
                    0.012655773935988976
                ],
                [
                    0.1818098924555734,
                    0.08289955886686128,
                    0.9798330603449614,
                    0.2151196739500374
                ],
                [
                    0.0,
                    0.0,
                    0.0,
                    1.0
                ]
            ]
        },
        {
            "image": "/workspace/calibration/camera_calibration/raw_images/0012.png",
            "rvec": [
                -0.04223348871383829,
                -0.37192880266959427,
                -2.6599748006816823
            ],
            "tvec": [
                -0.04353335701274005,
                -0.018453252820927614,
                0.2911155782782672
            ],
            "T_tag_to_cam": [
                [
                    -0.8976118516384519,
                    0.4396706737746788,
                    -0.03134744679730152,
                    -0.04353335701274005
                ],
                [
                    -0.4314066751848277,
                    -0.8616926398489777,
                    0.26715926904390286,
                    -0.018453252820927614
                ],
                [
                    0.09045023164239133,
                    0.2533288239672301,
                    0.9631423895474736,
                    0.2911155782782672
                ],
                [
                    0.0,
                    0.0,
                    0.0,
                    1.0
                ]
            ]
        },
        {
            "image": "/workspace/calibration/camera_calibration/raw_images/0013.png",
            "rvec": [
                0.40680098908218026,
                0.10122484813785114,
                -2.235605286618739
            ],
            "tvec": [
                -0.007984766525646019,
                0.002714573771569798,
                0.32868075293468785
            ],
            "T_tag_to_cam": [
                [
                    -0.5944138567192425,
                    0.7624557423452907,
                    -0.25560400604225214,
                    -0.007984766525646019
                ],
                [
                    -0.7362364793464371,
                    -0.6438365709212844,
                    -0.2083994156035114,
                    0.002714573771569798
                ],
                [
                    -0.3234625378922869,
                    0.06430949314847365,
                    0.9440531106199839,
                    0.32868075293468785
                ],
                [
                    0.0,
                    0.0,
                    0.0,
                    1.0
                ]
            ]
        },
        {
            "image": "/workspace/calibration/camera_calibration/raw_images/0014.png",
            "rvec": [
                -0.2098747760383462,
                0.19089907741155338,
                -2.956539357452397
            ],
            "tvec": [
                0.15893136603950764,
                -0.035826324315956774,
                0.3083541360259194
            ],
            "T_tag_to_cam": [
                [
                    -0.9754215868351728,
                    0.16083628214887888,
                    0.15061347310410067,
                    0.15893136603950764
                ],
                [
                    -0.17886976834517507,
                    -0.9771331099760885,
                    -0.11496299996346954,
                    -0.035826324315956774
                ],
                [
                    0.12867918987970373,
                    -0.1390775888954921,
                    0.981885477211533,
                    0.3083541360259194
                ],
                [
                    0.0,
                    0.0,
                    0.0,
                    1.0
                ]
            ]
        },
        {
            "image": "/workspace/calibration/camera_calibration/raw_images/0015.png",
            "rvec": [
                0.943722853993702,
                0.3916506864396991,
                -2.9349849099952707
            ],
            "tvec": [
                -0.03626752573460993,
                -0.028067458695873047,
                0.2855498182329917
            ],
            "T_tag_to_cam": [
                [
                    -0.8150529303146713,
                    0.10846724450286807,
                    -0.569142844684375,
                    -0.03626752573460993
                ],
                [
                    0.044565919780030966,
                    -0.9676727084284682,
                    -0.24824062551659942,
                    -0.028067458695873047
                ],
                [
                    -0.5776699746218662,
                    -0.2276936236100338,
                    0.7838705340728819,
                    0.2855498182329917
                ],
                [
                    0.0,
                    0.0,
                    0.0,
                    1.0
                ]
            ]
        },
        {
            "image": "/workspace/calibration/camera_calibration/raw_images/0016.png",
            "rvec": [
                0.5588029173474203,
                0.6763874315416294,
                2.893466927550186
            ],
            "tvec": [
                -0.02887045339622268,
                -0.12934151062016358,
                0.5322864052762568
            ],
            "T_tag_to_cam": [
                [
                    -0.9249657260134634,
                    -0.03029139137367072,
                    0.3788414408549222,
                    -0.02887045339622268
                ],
                [
                    0.19509384059302326,
                    -0.8933018926680397,
                    0.4049075473714485,
                    -0.12934151062016358
                ],
                [
                    0.32615456314920765,
                    0.4484352351949442,
                    0.8321832975808897,
                    0.5322864052762568
                ],
                [
                    0.0,
                    0.0,
                    0.0,
                    1.0
                ]
            ]
        },
        {
            "image": "/workspace/calibration/camera_calibration/raw_images/0017.png",
            "rvec": [
                -0.2139211415040323,
                -0.22128096540005832,
                3.0945593958574316
            ],
            "tvec": [
                -0.09767036483371613,
                -0.1133447957240835,
                0.46442686723519755
            ],
            "T_tag_to_cam": [
                [
                    -0.9900341228786931,
                    -0.021817246476910412,
                    -0.139127435439537,
                    -0.09767036483371613
                ],
                [
                    0.04139107022464027,
                    -0.9893718967307198,
                    -0.13939163986809544,
                    -0.1133447957240835
                ],
                [
                    -0.13460763292427255,
                    -0.14376111336388453,
                    0.980414977161661,
                    0.46442686723519755
                ],
                [
                    0.0,
                    0.0,
                    0.0,
                    1.0
                ]
            ]
        },
        {
            "image": "/workspace/calibration/camera_calibration/raw_images/0018.png",
            "rvec": [
                1.4223960496110806,
                0.7339465874647357,
                2.7313167250936274
            ],
            "tvec": [
                0.11090220849250979,
                -0.07168941042115214,
                0.498032547716746
            ],
            "T_tag_to_cam": [
                [
                    -0.5960124243823866,
                    0.22914529916616935,
                    0.7695853570929454,
                    0.11090220849250979
                ],
                [
                    0.1874631954749895,
                    -0.8922246419696099,
                    0.41084393460839486,
                    -0.07168941042115214
                ],
                [
                    0.7807859760037545,
                    0.3891370197401526,
                    0.48882066194425133,
                    0.498032547716746
                ],
                [
                    0.0,
                    0.0,
                    0.0,
                    1.0
                ]
            ]
        },
        {
            "image": "/workspace/calibration/camera_calibration/raw_images/0019.png",
            "rvec": [
                -0.13471169720802054,
                -0.3930878410620422,
                -1.0875941100274429
            ],
            "tvec": [
                0.016390919601295156,
                -0.06378414731706362,
                0.4383342856062835
            ],
            "T_tag_to_cam": [
                [
                    0.4035143849314146,
                    0.881627431664595,
                    -0.24476358571060355,
                    0.016390919601295156
                ],
                [
                    -0.8343917279953491,
                    0.46433725279563637,
                    0.2969534642315809,
                    -0.06378414731706362
                ],
                [
                    0.3754551709676638,
                    0.0844037167587491,
                    0.9229893971172969,
                    0.4383342856062835
                ],
                [
                    0.0,
                    0.0,
                    0.0,
                    1.0
                ]
            ]
        },
        {
            "image": "/workspace/calibration/camera_calibration/raw_images/0020.png",
            "rvec": [
                -0.6383757475753477,
                -0.36675693997556585,
                -1.9734866002423317
            ],
            "tvec": [
                -0.0206876650367995,
                0.04044708396960149,
                0.28957082589634314
            ],
            "T_tag_to_cam": [
                [
                    -0.371584839637664,
                    0.8854466820967691,
                    0.2791216224431107,
                    -0.0206876650367995
                ],
                [
                    -0.726045008639309,
                    -0.4645224273822037,
                    0.5070281647885952,
                    0.04044708396960149
                ],
                [
                    0.5786046598338083,
                    -0.014250881473377108,
                    0.8154836356395107,
                    0.28957082589634314
                ],
                [
                    0.0,
                    0.0,
                    0.0,
                    1.0
                ]
            ]
        },
        {
            "image": "/workspace/calibration/camera_calibration/raw_images/0021.png",
            "rvec": [
                -0.3374532678038034,
                0.4116871401036739,
                -2.7161972278602162
            ],
            "tvec": [
                -0.11334658803751546,
                -0.2023877168283127,
                0.5841476758137245
            ],
            "T_tag_to_cam": [
                [
                    -0.9022716021334539,
                    0.3232549633723022,
                    0.2853282051229808,
                    -0.11334658803751546
                ],
                [
                    -0.3932870091730857,
                    -0.8882547265969875,
                    -0.2373370369196519,
                    -0.2023877168283127
                ],
                [
                    0.17672375165556964,
                    -0.3263583449726428,
                    0.928578993014325,
                    0.5841476758137245
                ],
                [
                    0.0,
                    0.0,
                    0.0,
                    1.0
                ]
            ]
        },
        {
            "image": "/workspace/calibration/camera_calibration/raw_images/0022.png",
            "rvec": [
                -0.705071959693162,
                0.5064216470983914,
                -2.568145638254516
            ],
            "tvec": [
                0.04091756217232898,
                -0.2834217030282351,
                0.8161013059629457
            ],
            "T_tag_to_cam": [
                [
                    -0.7795615393804646,
                    0.3027814839846066,
                    0.5482765536431773,
                    0.04091756217232898
                ],
                [
                    -0.4882549643426294,
                    -0.8420667899416481,
                    -0.22919557384937894,
                    -0.2834217030282351
                ],
                [
                    0.3922893015537616,
                    -0.44637080351816005,
                    0.8042774456945897,
                    0.8161013059629457
                ],
                [
                    0.0,
                    0.0,
                    0.0,
                    1.0
                ]
            ]
        },
        {
            "image": "/workspace/calibration/camera_calibration/raw_images/0023.png",
            "rvec": [
                0.3130544983035052,
                0.00566066190725512,
                -0.38196508725820805
            ],
            "tvec": [
                -0.06676462676017765,
                -0.29856969581481735,
                0.5629561359475976
            ],
            "T_tag_to_cam": [
                [
                    0.9285065116246013,
                    0.36749262491443996,
                    -0.05314911574249201,
                    -0.06676462676017765
                ],
                [
                    -0.3657562602528132,
                    0.8805086759388863,
                    -0.30154075957028686,
                    -0.29856969581481735
                ],
                [
                    -0.06401574772343456,
                    0.29942218059095743,
                    0.9519707673104073,
                    0.5629561359475976
                ],
                [
                    0.0,
                    0.0,
                    0.0,
                    1.0
                ]
            ]
        },
        {
            "image": "/workspace/calibration/camera_calibration/raw_images/0024.png",
            "rvec": [
                0.05226830096218543,
                -0.10104871296166523,
                -1.071983885160217
            ],
            "tvec": [
                -0.03620448937599519,
                -0.08758020809930578,
                0.40866900959560015
            ],
            "T_tag_to_cam": [
                [
                    0.474326680713729,
                    0.8737005188897209,
                    -0.10798890338793622,
                    -0.03620448937599519
                ],
                [
                    -0.8784900905789266,
                    0.4777177239654499,
                    0.006398200051560006,
                    -0.08758020809930578
                ],
                [
                    0.05717832384501796,
                    0.09183234452578817,
                    0.9941315103049353,
                    0.40866900959560015
                ],
                [
                    0.0,
                    0.0,
                    0.0,
                    1.0
                ]
            ]
        },
        {
            "image": "/workspace/calibration/camera_calibration/raw_images/0025.png",
            "rvec": [
                -0.8648814644781195,
                -0.3867682619503431,
                -2.7904963081531204
            ],
            "tvec": [
                0.0042201211672560105,
                0.006802060668791642,
                0.3620171787395353
            ],
            "T_tag_to_cam": [
                [
                    -0.8104763307751256,
                    0.2594619758639647,
                    0.5251738762867557,
                    0.0042201211672560105
                ],
                [
                    -0.10684477977034745,
                    -0.9469910880705908,
                    0.30297206496755513,
                    0.006802060668791642
                ],
                [
                    0.575944711139112,
                    0.18943960038926896,
                    0.795236020006161,
                    0.3620171787395353
                ],
                [
                    0.0,
                    0.0,
                    0.0,
                    1.0
                ]
            ]
        },
        {
            "image": "/workspace/calibration/camera_calibration/raw_images/0026.png",
            "rvec": [
                -0.5685541767765059,
                -0.8887543866466723,
                -1.8859003109634909
            ],
            "tvec": [
                0.04046082872369902,
                -0.03882062736026765,
                0.4274770023044367
            ],
            "T_tag_to_cam": [
                [
                    -0.44875370066539666,
                    0.8935178518768476,
                    0.015683255927753992,
                    0.04046082872369902
                ],
                [
                    -0.5566666914831697,
                    -0.2932189026303818,
                    0.77726756637172,
                    -0.03882062736026765
                ],
                [
                    0.6991010733308117,
                    0.3400713506275096,
                    0.6289746940458644,
                    0.4274770023044367
                ],
                [
                    0.0,
                    0.0,
                    0.0,
                    1.0
                ]
            ]
        },
        {
            "image": "/workspace/calibration/camera_calibration/raw_images/0027.png",
            "rvec": [
                -0.47609293478688475,
                -0.7070068665918048,
                -1.8757865458342933
            ],
            "tvec": [
                -0.03402027603601199,
                0.07434840585649531,
                0.22814574939993307
            ],
            "T_tag_to_cam": [
                [
                    -0.3917412751568809,
                    0.9200527498091743,
                    0.006458398178953995,
                    -0.03402027603601199
                ],
                [
                    -0.686896508649084,
                    -0.2971233982724846,
                    0.663242695100903,
                    0.07434840585649531
                ],
                [
                    0.6121372066327612,
                    0.2553832879567249,
                    0.7483765205351198,
                    0.22814574939993307
                ],
                [
                    0.0,
                    0.0,
                    0.0,
                    1.0
                ]
            ]
        },
        {
            "image": "/workspace/calibration/camera_calibration/raw_images/0028.png",
            "rvec": [
                -0.6575639024090435,
                -0.6728793162791126,
                -1.9464045826104452
            ],
            "tvec": [
                -0.09765743386352203,
                0.007648208514573048,
                0.19592279411375527
            ],
            "T_tag_to_cam": [
                [
                    -0.41317505576593716,
                    0.8950192391344256,
                    0.16800873451118048,
                    -0.09765743386352203
                ],
                [
                    -0.6001656125139787,
                    -0.40638573360585817,
                    0.68894983349831,
                    0.007648208514573048
                ],
                [
                    0.6848997086059646,
                    0.18382382081999632,
                    0.7050682180119895,
                    0.19592279411375527
                ],
                [
                    0.0,
                    0.0,
                    0.0,
                    1.0
                ]
            ]
        },
        {
            "image": "/workspace/calibration/camera_calibration/raw_images/0029.png",
            "rvec": [
                0.0521818823005909,
                0.6685752981312725,
                2.554978455623444
            ],
            "tvec": [
                -0.08177492127158116,
                -0.03202875426880889,
                0.2512847748208229
            ],
            "T_tag_to_cam": [
                [
                    -0.8768152948077613,
                    -0.45439213008777524,
                    0.15723463646879116,
                    -0.08177492127158116
                ],
                [
                    0.4731672674783399,
                    -0.7572706766326835,
                    0.45017092231657824,
                    -0.03202875426880889
                ],
                [
                    -0.08548494474619284,
                    0.46911503325578047,
                    0.8789899941382544,
                    0.2512847748208229
                ],
                [
                    0.0,
                    0.0,
                    0.0,
                    1.0
                ]
            ]
        },
        {
            "image": "/workspace/calibration/camera_calibration/raw_images/0030.png",
            "rvec": [
                0.4700304371127126,
                -0.08463759925078039,
                2.6102326845324506
            ],
            "tvec": [
                -0.13116296311839057,
                -0.07911990141757458,
                0.252210277302534
            ],
            "T_tag_to_cam": [
                [
                    -0.824170884824382,
                    -0.4718679317850865,
                    0.3131820677507895,
                    -0.13116296311839057
                ],
                [
                    0.45058801090842265,
                    -0.8813434231608984,
                    -0.142141531146322,
                    -0.07911990141757458
                ],
                [
                    0.34309298598686966,
                    0.02396717346485845,
                    0.9389956216951808,
                    0.252210277302534
                ],
                [
                    0.0,
                    0.0,
                    0.0,
                    1.0
                ]
            ]
        },
        {
            "image": "/workspace/calibration/camera_calibration/raw_images/0031.png",
            "rvec": [
                0.20885308655403295,
                -0.17487246796147812,
                3.072811404460832
            ],
            "tvec": [
                -0.13385342192482186,
                -0.12811753537826445,
                0.28608381094961144
            ],
            "T_tag_to_cam": [
                [
                    -0.989231309077821,
                    -0.06414891336089583,
                    0.131553540639532,
                    -0.13385342192482186
                ],
                [
                    0.04880975507290797,
                    -0.9919694840667558,
                    -0.11667969184934047,
                    -0.12811753537826445
                ],
                [
                    0.13798197327877093,
                    -0.10900210821333044,
                    0.9844183640379458,
                    0.28608381094961144
                ],
                [
                    0.0,
                    0.0,
                    0.0,
                    1.0
                ]
            ]
        },
        {
            "image": "/workspace/calibration/camera_calibration/raw_images/0032.png",
            "rvec": [
                -0.12318513277253597,
                -0.10317729518030926,
                -2.875239302055716
            ],
            "tvec": [
                -0.05441253749517645,
                -0.23175017606448983,
                0.507166518209682
            ],
            "T_tag_to_cam": [
                [
                    -0.9623110772508378,
                    0.2614938197960101,
                    0.0746885051987515,
                    -0.05441253749517645
                ],
                [
                    -0.25546776044583136,
                    -0.9633847340322499,
                    0.08140072239484338,
                    -0.23175017606448983
                ],
                [
                    0.09323955154934774,
                    0.05925231170260624,
                    0.9938790417272987,
                    0.507166518209682
                ],
                [
                    0.0,
                    0.0,
                    0.0,
                    1.0
                ]
            ]
        },
        {
            "image": "/workspace/calibration/camera_calibration/raw_images/0033.png",
            "rvec": [
                -0.5333316200076065,
                -0.19579410969800137,
                -1.9441863151946674
            ],
            "tvec": [
                0.03910208108973995,
                -0.1308458433899659,
                0.5833853932056082
            ],
            "T_tag_to_cam": [
                [
